{
  "advancedEditorSelectedIdentifier" : "ProjectBrowser",
  "openSceneRelativePaths" : [
    "Immersive.usda",
    "CPR.usda",
    "Airway.usda",
    "Recovery.usda"
  ],
  "recentIdentifiers" : {
    "1E908F61-93F6-4C5A-BABF-C1A8254DACEB" : [

    ],
    "AF09ED6F-1707-48FD-8720-65B998362C09" : [

    ],
    "D1512A00-CCBE-49A1-96EE-20B25A6C25DF" : [

    ],
    "D28F8929-F6A4-4178-B64C-8336071B81C5" : [

    ]
  },
  "sceneCameraHistory" : {
    "AC55A7AF-9A8F-4950-A1F5-6D78FEFB017E" : [
      {
        "date" : 786383732.052087,
        "title" : "Untitled",
        "transform" : [
          1,
          0,
          0,
          0,
          0,
          0.7071069,
          -0.70710677,
          0,
          0,
          0.70710677,
          0.7071069,
          0,
          -0.26855737,
          2.6945128,
          0.9630685,
          1
        ]
      }
    ],
    "AF09ED6F-1707-48FD-8720-65B998362C09" : [
      {
        "date" : 786975861.466773,
        "title" : "Untitled",
        "transform" : [
          0.9987615,
          -5.037264e-09,
          0.049755074,
          0,
          0.025014782,
          0.8644271,
          -0.50213563,
          0,
          -0.04300962,
          0.5027583,
          0.86335635,
          0,
          -0.36883506,
          4.532226,
          5.2134895,
          1
        ]
      },
      {
        "date" : 786973593.572268,
        "title" : "Untitled",
        "transform" : [
          0.9987615,
          -2.1768098e-09,
          0.049755078,
          0,
          0.025025142,
          0.86430585,
          -0.5023437,
          0,
          -0.043003604,
          0.5029666,
          0.86323535,
          0,
          0.56626123,
          2.4347427,
          1.4828357,
          1
        ]
      },
      {
        "date" : 786390527.268674,
        "title" : "Untitled",
        "transform" : [
          0.9986122,
          -2.1768098e-09,
          0.05266568,
          0,
          0.026489079,
          0.86430585,
          -0.5022686,
          0,
          -0.045519255,
          0.5029666,
          0.86310637,
          0,
          0.5685241,
          2.2751822,
          1.2083998,
          1
        ]
      },
      {
        "date" : 786385217.810997,
        "title" : "Untitled",
        "transform" : [
          0.9986122,
          -2.1768098e-09,
          0.05266568,
          0,
          0.026489079,
          0.86430585,
          -0.5022686,
          0,
          -0.045519255,
          0.5029666,
          0.86310637,
          0,
          -0.12181915,
          1.7246712,
          1.4927965,
          1
        ]
      },
      {
        "date" : 786385212.613045,
        "title" : "Untitled",
        "transform" : [
          0.9986122,
          -2.1768098e-09,
          0.05266568,
          0,
          0.026489079,
          0.86430585,
          -0.5022686,
          0,
          -0.045519255,
          0.5029666,
          0.86310637,
          0,
          -0.046652738,
          0.8941174,
          0.06754048,
          1
        ]
      },
      {
        "date" : 786384033.47295,
        "title" : "Untitled",
        "transform" : [
          0.9986122,
          -2.1768098e-09,
          0.05266568,
          0,
          0.026489079,
          0.86430585,
          -0.5022686,
          0,
          -0.045519255,
          0.5029666,
          0.86310637,
          0,
          -0.035890937,
          0.7817373,
          -0.13405418,
          1
        ]
      },
      {
        "date" : 786384003.160399,
        "title" : "Untitled",
        "transform" : [
          0.9986122,
          -2.1768098e-09,
          0.05266568,
          0,
          0.026489079,
          0.86430585,
          -0.5022686,
          0,
          -0.045519255,
          0.5029666,
          0.86310637,
          0,
          1.461465,
          3.2316,
          4.100602,
          1
        ]
      },
      {
        "date" : 786383994.416598,
        "title" : "Untitled",
        "transform" : [
          0.9986122,
          -2.1768098e-09,
          0.05266568,
          0,
          0.026489079,
          0.86430585,
          -0.5022686,
          0,
          -0.045519255,
          0.5029666,
          0.86310637,
          0,
          0.5008473,
          1.1074765,
          0.9041931,
          1
        ]
      },
      {
        "date" : 786383942.264701,
        "title" : "Untitled",
        "transform" : [
          0.9986122,
          -2.1768098e-09,
          0.05266568,
          0,
          0.026489079,
          0.86430585,
          -0.5022686,
          0,
          -0.045519255,
          0.5029666,
          0.86310637,
          0,
          0.634094,
          1.4021124,
          1.3475649,
          1
        ]
      },
      {
        "date" : 786383924.091575,
        "title" : "Untitled",
        "transform" : [
          0.9986122,
          -2.1768098e-09,
          0.05266568,
          0,
          0.026489079,
          0.86430585,
          -0.5022686,
          0,
          -0.045519255,
          0.5029666,
          0.86310637,
          0,
          1.2613643,
          2.7891362,
          2.6806283,
          1
        ]
      }
    ],
    "D28F8929-F6A4-4178-B64C-8336071B81C5" : [
      {
        "date" : 786040393.571173,
        "title" : "Untitled",
        "transform" : [
          0.9020829,
          4.444427e-09,
          0.43156278,
          0,
          0.25621364,
          0.8046953,
          -0.53555584,
          0,
          -0.34727654,
          0.593688,
          0.7259019,
          0,
          0.100375175,
          3.2952437,
          2.8841872,
          1
        ]
      },
      {
        "date" : 786040381.185187,
        "title" : "Untitled",
        "transform" : [
          0.90624785,
          4.444427e-09,
          0.42274675,
          0,
          0.2509797,
          0.8046954,
          -0.53802854,
          0,
          -0.34018233,
          0.5936881,
          0.7292535,
          0,
          1.4866524,
          5.251073,
          8.024004,
          1
        ]
      },
      {
        "date" : 786040355.73689,
        "title" : "Untitled",
        "transform" : [
          0.37900355,
          3.083894e-09,
          -0.92539525,
          0,
          -0.5811416,
          0.7782192,
          -0.23801154,
          0,
          0.7201603,
          0.6279929,
          0.2949478,
          0,
          7.789944,
          5.535412,
          -1.9310461,
          1
        ]
      },
      {
        "date" : 786040342.460922,
        "title" : "Untitled",
        "transform" : [
          0.9745786,
          9.160415e-09,
          0.22404616,
          0,
          0.10774995,
          0.8767605,
          -0.46870154,
          0,
          -0.1964348,
          0.48092747,
          0.8544719,
          0,
          2.8501997,
          5.173158,
          7.710744,
          1
        ]
      },
      {
        "date" : 786040333.673449,
        "title" : "Untitled",
        "transform" : [
          0.87095463,
          -4.099268e-09,
          0.49136344,
          0,
          -0.024112385,
          0.9987953,
          0.042739887,
          0,
          -0.4907715,
          -0.049072355,
          0.86990535,
          0,
          -0.8899865,
          0.442461,
          4.090934,
          1
        ]
      },
      {
        "date" : 786040322.785365,
        "title" : "Untitled",
        "transform" : [
          0.87095463,
          -4.099268e-09,
          0.49136344,
          0,
          -0.024112385,
          0.9987953,
          0.042739887,
          0,
          -0.4907715,
          -0.049072355,
          0.86990535,
          0,
          -1.4361961,
          0.34568834,
          3.7773216,
          1
        ]
      },
      {
        "date" : 786040321.385473,
        "title" : "Untitled",
        "transform" : [
          0.87095463,
          -4.099268e-09,
          0.49136344,
          0,
          -0.024112385,
          0.9987953,
          0.042739887,
          0,
          -0.4907715,
          -0.049072355,
          0.86990535,
          0,
          -1.0974925,
          -0.13820454,
          3.9411104,
          1
        ]
      },
      {
        "date" : 786040306.534098,
        "title" : "Untitled",
        "transform" : [
          0.97113633,
          -1.7441062e-09,
          0.23852505,
          0,
          0.104958914,
          0.89798164,
          -0.42733213,
          0,
          -0.2141911,
          0.44003314,
          0.8720625,
          0,
          0.12333648,
          1.8181525,
          3.6606526,
          1
        ]
      },
      {
        "date" : 786040089.653775,
        "title" : "Untitled",
        "transform" : [
          0.9995942,
          -4.0309042e-10,
          0.028483933,
          0,
          0.008092145,
          0.9587962,
          -0.2839797,
          0,
          -0.027310293,
          0.28409502,
          0.958407,
          0,
          0.57952654,
          1.4391602,
          3.8557837,
          1
        ]
      },
      {
        "date" : 786031979.312741,
        "title" : "Untitled",
        "transform" : [
          0.07295031,
          -3.15586e-10,
          -0.99733555,
          0,
          -0.3972787,
          0.9172378,
          -0.029059034,
          0,
          0.91479397,
          0.39834008,
          0.06691278,
          0,
          3.6753066,
          1.8942096,
          -0.42212936,
          1
        ]
      }
    ]
  },
  "sceneViewportBackgroundColors" : {

  },
  "selectedSceneRelativePath" : "Immersive.usda"
}