{
  "advancedEditorSelectedIdentifier" : "ProjectBrowser",
  "openSceneRelativePaths" : [
    "Immersive.usda",
    "PreviewScene.usda",
    "JoelScene.usda"
  ],
  "recentIdentifiers" : {
    "CEB5E558-DEA3-4A0A-A72D-3EFFCC402D66" : [

    ],
    "F53E7943-3431-4B98-8EBA-D945BFF42FF4" : [

    ]
  },
  "sceneCameraHistory" : {
    "CEB5E558-DEA3-4A0A-A72D-3EFFCC402D66" : [
      {
        "date" : 789397950.519412,
        "title" : "Untitled",
        "transform" : [
          0.2974657,
          1.2557072e-09,
          -0.9547325,
          0,
          -0.38522822,
          0.9149826,
          -0.120025456,
          0,
          0.8735638,
          0.40349302,
          0.27217588,
          0,
          0.3873406,
          0.23657382,
          0.119429976,
          1
        ]
      },
      {
        "date" : 789397931.003109,
        "title" : "Untitled",
        "transform" : [
          0.2974657,
          1.2557072e-09,
          -0.9547325,
          0,
          -0.38522822,
          0.9149826,
          -0.120025456,
          0,
          0.8735638,
          0.40349302,
          0.27217588,
          0,
          0.40583324,
          0.27870458,
          -0.002380859,
          1
        ]
      },
      {
        "date" : 789397925.116718,
        "title" : "Untitled",
        "transform" : [
          0.95543957,
          9.657003e-10,
          -0.29518667,
          0,
          -0.12561631,
          0.90493554,
          -0.40658614,
          0,
          0.2671251,
          0.4255484,
          0.8646113,
          0,
          0.19937265,
          0.29940584,
          0.2912698,
          1
        ]
      },
      {
        "date" : 789397923.745338,
        "title" : "Untitled",
        "transform" : [
          0.47050813,
          -1.7732482e-11,
          -0.8823957,
          0,
          -0.40658516,
          0.88751745,
          -0.216798,
          0,
          0.7831418,
          0.46077386,
          0.41758406,
          0,
          0.3812073,
          0.31474152,
          0.0448047,
          1
        ]
      },
      {
        "date" : 789397920.998484,
        "title" : "Untitled",
        "transform" : [
          0.47050813,
          -1.7732482e-11,
          -0.8823957,
          0,
          -0.40658516,
          0.88751745,
          -0.216798,
          0,
          0.7831418,
          0.46077386,
          0.41758406,
          0,
          0.35949814,
          0.29757795,
          0.10445695,
          1
        ]
      },
      {
        "date" : 789397544.366274,
        "title" : "Untitled",
        "transform" : [
          0.47050813,
          -1.7732482e-11,
          -0.8823957,
          0,
          -0.40658516,
          0.88751745,
          -0.216798,
          0,
          0.7831418,
          0.46077386,
          0.41758406,
          0,
          0.2952381,
          0.32761446,
          0.19182783,
          1
        ]
      },
      {
        "date" : 789397499.785691,
        "title" : "Untitled",
        "transform" : [
          0.46068949,
          -2.6034095e-09,
          -0.88756144,
          0,
          -0.36883146,
          0.90956765,
          -0.19144227,
          0,
          0.80729735,
          0.41555563,
          0.41902813,
          0,
          0.30962342,
          0.30845687,
          0.19462368,
          1
        ]
      },
      {
        "date" : 789397437.886419,
        "title" : "Untitled",
        "transform" : [
          0.4604843,
          -6.385847e-09,
          -0.8876679,
          0,
          -0.31047177,
          0.9368389,
          -0.16105953,
          0,
          0.83160204,
          0.3497608,
          0.4313995,
          0,
          0.32343313,
          0.28030998,
          0.20168674,
          1
        ]
      },
      {
        "date" : 789397285.765475,
        "title" : "Untitled",
        "transform" : [
          0.449137,
          -8.201684e-09,
          -0.89346296,
          0,
          -0.35115656,
          0.9195262,
          -0.17652372,
          0,
          0.8215628,
          0.39302832,
          0.41299307,
          0,
          0.31711465,
          0.298829,
          0.19277617,
          1
        ]
      },
      {
        "date" : 789397284.530957,
        "title" : "Untitled",
        "transform" : [
          0.449137,
          -8.201684e-09,
          -0.89346296,
          0,
          -0.35115656,
          0.9195262,
          -0.17652372,
          0,
          0.8215628,
          0.39302832,
          0.41299307,
          0,
          0.33595574,
          0.2905702,
          0.1631554,
          1
        ]
      }
    ],
    "F53E7943-3431-4B98-8EBA-D945BFF42FF4" : [
      {
        "date" : 789391696.018018,
        "title" : "Untitled",
        "transform" : [
          0.9998053,
          2.0545152e-09,
          -0.01973223,
          0,
          -0.013211058,
          0.7427975,
          -0.66938573,
          0,
          0.014657064,
          0.6695162,
          0.74265283,
          0,
          -0.035621624,
          0.2594722,
          0.11304441,
          1
        ]
      },
      {
        "date" : 789391685.083997,
        "title" : "Untitled",
        "transform" : [
          0.9998053,
          2.0545152e-09,
          -0.01973223,
          0,
          -0.013211058,
          0.7427975,
          -0.66938573,
          0,
          0.014657064,
          0.6695162,
          0.74265283,
          0,
          -0.028529745,
          0.2585959,
          0.113694385,
          1
        ]
      },
      {
        "date" : 789391683.066307,
        "title" : "Untitled",
        "transform" : [
          0.40312377,
          1.791676e-09,
          -0.91514546,
          0,
          -0.51108193,
          0.82952416,
          -0.22513281,
          0,
          0.7591353,
          0.55847085,
          0.3344009,
          0,
          0.15767431,
          0.23462881,
          0.06388062,
          1
        ]
      },
      {
        "date" : 789391678.788638,
        "title" : "Untitled",
        "transform" : [
          0.40312377,
          1.791676e-09,
          -0.91514546,
          0,
          -0.51108193,
          0.82952416,
          -0.22513281,
          0,
          0.7591353,
          0.55847085,
          0.3344009,
          0,
          0.18691677,
          0.2532457,
          -0.033595175,
          1
        ]
      },
      {
        "date" : 789391675.747485,
        "title" : "Untitled",
        "transform" : [
          0.18321016,
          1.9679143e-09,
          -0.9830738,
          0,
          -0.539936,
          0.83566976,
          -0.10062497,
          0,
          0.8215249,
          0.5492325,
          0.15310319,
          0,
          0.19671679,
          0.25119776,
          -0.07503005,
          1
        ]
      },
      {
        "date" : 789391656.442567,
        "title" : "Untitled",
        "transform" : [
          1,
          0,
          0,
          0,
          0,
          0.7071069,
          -0.70710677,
          0,
          0,
          0.70710677,
          0.7071069,
          0,
          0.047926135,
          0.36740446,
          0.24291964,
          1
        ]
      },
      {
        "date" : 789391646.691428,
        "title" : "Untitled",
        "transform" : [
          1,
          0,
          0,
          0,
          0,
          0.7071069,
          -0.70710677,
          0,
          0,
          0.70710677,
          0.7071069,
          0,
          -0.06361676,
          0.37905616,
          0.23126793,
          1
        ]
      },
      {
        "date" : 789391643.444254,
        "title" : "Untitled",
        "transform" : [
          1,
          0,
          0,
          0,
          0,
          0.7071069,
          -0.70710677,
          0,
          0,
          0.70710677,
          0.7071069,
          0,
          -0.091007434,
          0.47647446,
          0.34925288,
          1
        ]
      },
      {
        "date" : 789391635.219123,
        "title" : "Untitled",
        "transform" : [
          1,
          0,
          0,
          0,
          0,
          0.7071069,
          -0.70710677,
          0,
          0,
          0.70710677,
          0.7071069,
          0,
          0.04067845,
          0.37723255,
          0.4484948,
          1
        ]
      },
      {
        "date" : 789391601.57625,
        "title" : "Untitled",
        "transform" : [
          1,
          0,
          0,
          0,
          0,
          0.7071069,
          -0.70710677,
          0,
          0,
          0.70710677,
          0.7071069,
          0,
          -0.087973595,
          1.4635457,
          1.2056483,
          1
        ]
      }
    ]
  },
  "sceneViewportBackgroundColors" : {

  },
  "selectedSceneRelativePath" : "PreviewScene.usda"
}