{
  "advancedEditorSelectedIdentifier" : "BehaviorsPluginID",
  "openSceneRelativePaths" : [
    "Immersive.usda",
    "PreviewScene.usda",
    "JoelScene.usda",
    "TrainingScene.usda",
    "cprhands.usda",
    "cprhelp.usda"
  ],
  "recentIdentifiers" : {
    "1A0D1083-CB00-4349-A7AF-2BE4DC46515F" : [

    ],
    "1B8A574F-BA73-4F3C-8C4B-EA448900FB11" : [

    ],
    "6F26BBF5-5967-4519-8A05-986F20475390" : [

    ],
    "CEB5E558-DEA3-4A0A-A72D-3EFFCC402D66" : [

    ],
    "F53E7943-3431-4B98-8EBA-D945BFF42FF4" : [

    ]
  },
  "sceneCameraHistory" : {
    "1A0D1083-CB00-4349-A7AF-2BE4DC46515F" : [
      {
        "date" : 790011049.557424,
        "title" : "Untitled",
        "transform" : [
          1,
          0,
          0,
          0,
          0,
          0.7071069,
          -0.70710677,
          0,
          0,
          0.70710677,
          0.7071069,
          0,
          -0.071088344,
          2.137522,
          1.4890772,
          1
        ]
      },
      {
        "date" : 790006724.385275,
        "title" : "Untitled",
        "transform" : [
          1,
          0,
          0,
          0,
          0,
          0.7071069,
          -0.70710677,
          0,
          0,
          0.70710677,
          0.7071069,
          0,
          0.036878318,
          1.8035122,
          1.8230873,
          1
        ]
      },
      {
        "date" : 790006424.881037,
        "title" : "Untitled",
        "transform" : [
          1,
          0,
          0,
          0,
          0,
          0.7071069,
          -0.70710677,
          0,
          0,
          0.70710677,
          0.7071069,
          0,
          0.20557854,
          1.5649345,
          2.0616655,
          1
        ]
      },
      {
        "date" : 790006421.563632,
        "title" : "Untitled",
        "transform" : [
          1,
          0,
          0,
          0,
          0,
          0.7071069,
          -0.70710677,
          0,
          0,
          0.70710677,
          0.7071069,
          0,
          -0.010357774,
          1.7653434,
          1.8612562,
          1
        ]
      },
      {
        "date" : 790006413.671899,
        "title" : "Untitled",
        "transform" : [
          1,
          0,
          0,
          0,
          0,
          0.7071069,
          -0.70710677,
          0,
          0,
          0.70710677,
          0.7071069,
          0,
          0.373188,
          3.8264098,
          3.285195,
          1
        ]
      },
      {
        "date" : 790006408.462875,
        "title" : "Untitled",
        "transform" : [
          1,
          0,
          0,
          0,
          0,
          0.7071069,
          -0.70710677,
          0,
          0,
          0.70710677,
          0.7071069,
          0,
          0.4346106,
          4.4542193,
          3.8393297,
          1
        ]
      },
      {
        "date" : 790006400.556441,
        "title" : "Untitled",
        "transform" : [
          1,
          0,
          0,
          0,
          0,
          0.7071069,
          -0.70710677,
          0,
          0,
          0.70710677,
          0.7071069,
          0,
          0.7728441,
          1.4424994,
          2.2150812,
          1
        ]
      },
      {
        "date" : 790006395.051898,
        "title" : "Untitled",
        "transform" : [
          1,
          0,
          0,
          0,
          0,
          0.7071069,
          -0.70710677,
          0,
          0,
          0.70710677,
          0.7071069,
          0,
          0.1730485,
          1.6885912,
          1.9689894,
          1
        ]
      },
      {
        "date" : 790006374.56113,
        "title" : "Untitled",
        "transform" : [
          1,
          0,
          0,
          0,
          0,
          0.7071069,
          -0.70710677,
          0,
          0,
          0.70710677,
          0.7071069,
          0,
          0.22488141,
          1.6467073,
          2.0108733,
          1
        ]
      },
      {
        "date" : 790006369.425742,
        "title" : "Untitled",
        "transform" : [
          1,
          0,
          0,
          0,
          0,
          0.7071069,
          -0.70710677,
          0,
          0,
          0.70710677,
          0.7071069,
          0,
          0.2396915,
          2.2279077,
          1.429673,
          1
        ]
      }
    ],
    "1B8A574F-BA73-4F3C-8C4B-EA448900FB11" : [
      {
        "date" : 790010721.943627,
        "title" : "Untitled",
        "transform" : [
          0.55832016,
          -0.005086985,
          0.82961,
          0,
          0.79690355,
          0.28136262,
          -0.53458375,
          0,
          -0.23070179,
          0.95958805,
          0.1611442,
          0,
          -0.12833694,
          1.4501228,
          0.1989238,
          1
        ]
      },
      {
        "date" : 790010405.058554,
        "title" : "Untitled",
        "transform" : [
          0.55832016,
          -0.005086985,
          0.82961,
          0,
          0.79690355,
          0.28136262,
          -0.53458375,
          0,
          -0.23070179,
          0.95958805,
          0.1611442,
          0,
          -0.13286278,
          1.4823555,
          0.00050392747,
          1
        ]
      },
      {
        "date" : 790010389.866984,
        "title" : "Untitled",
        "transform" : [
          0.55832016,
          -0.005086985,
          0.82961,
          0,
          0.79690355,
          0.28136262,
          -0.53458375,
          0,
          -0.23070179,
          0.95958805,
          0.1611442,
          0,
          0.091773055,
          1.5456138,
          -0.05458924,
          1
        ]
      },
      {
        "date" : 790010378.54246,
        "title" : "Untitled",
        "transform" : [
          0.24263261,
          -0.0050869687,
          0.9701049,
          0,
          0.51995736,
          0.84490514,
          -0.12561592,
          0,
          -0.81900764,
          0.53489184,
          0.20764655,
          0,
          -0.58365446,
          0.39237976,
          0.22835562,
          1
        ]
      },
      {
        "date" : 790010367.826702,
        "title" : "Untitled",
        "transform" : [
          0.7544238,
          -0.0050869687,
          0.6563679,
          0,
          0.5257636,
          0.60333556,
          -0.59963226,
          0,
          -0.39295986,
          0.7974712,
          0.45784527,
          0,
          -0.24462312,
          1.161505,
          0.745172,
          1
        ]
      },
      {
        "date" : 790010364.376912,
        "title" : "Untitled",
        "transform" : [
          0.7544238,
          -0.0050869687,
          0.6563679,
          0,
          0.5257636,
          0.60333556,
          -0.59963226,
          0,
          -0.39295986,
          0.7974712,
          0.45784527,
          0,
          -0.15034598,
          1.2860171,
          0.6092139,
          1
        ]
      },
      {
        "date" : 790010246.735933,
        "title" : "Untitled",
        "transform" : [
          0.7544238,
          -0.0050869687,
          0.6563679,
          0,
          0.5257636,
          0.60333556,
          -0.59963226,
          0,
          -0.39295986,
          0.7974712,
          0.45784527,
          0,
          -0.15456262,
          1.1738775,
          0.800919,
          1
        ]
      },
      {
        "date" : 790010238.485085,
        "title" : "Untitled",
        "transform" : [
          0.9970211,
          -0.005086969,
          -0.07696222,
          0,
          -0.058316648,
          0.60333556,
          -0.7953523,
          0,
          0.05047998,
          0.7974712,
          0.60124165,
          0,
          0.23799264,
          1.0529491,
          0.73564965,
          1
        ]
      },
      {
        "date" : 790010230.1854,
        "title" : "Untitled",
        "transform" : [
          0.9970211,
          -0.005086969,
          -0.07696222,
          0,
          -0.058316648,
          0.60333556,
          -0.7953523,
          0,
          0.05047998,
          0.7974712,
          0.60124165,
          0,
          0.86412406,
          2.3278532,
          1.0942967,
          1
        ]
      },
      {
        "date" : 790010221.053321,
        "title" : "Untitled",
        "transform" : [
          0.9970211,
          -0.005086969,
          -0.07696222,
          0,
          -0.058316648,
          0.60333556,
          -0.7953523,
          0,
          0.05047998,
          0.7974712,
          0.60124165,
          0,
          0.5043208,
          2.4665816,
          0.9404986,
          1
        ]
      }
    ],
    "6F26BBF5-5967-4519-8A05-986F20475390" : [
      {
        "date" : 790011268.740042,
        "title" : "Untitled",
        "transform" : [
          0.36904985,
          -1.050544e-08,
          0.9294096,
          0,
          0.92884344,
          0.034899622,
          -0.36882505,
          0,
          -0.032435995,
          0.9993908,
          0.012879747,
          0,
          0.28605103,
          1.7135782,
          -0.039150357,
          1
        ]
      },
      {
        "date" : 790011251.883049,
        "title" : "Untitled",
        "transform" : [
          0.36904985,
          -1.050544e-08,
          0.9294096,
          0,
          0.92884344,
          0.034899622,
          -0.36882505,
          0,
          -0.032435995,
          0.9993908,
          0.012879747,
          0,
          0.5272955,
          1.7119411,
          0.69540703,
          1
        ]
      },
      {
        "date" : 790011037.244502,
        "title" : "Untitled",
        "transform" : [
          0.36904985,
          -1.050544e-08,
          0.9294096,
          0,
          0.92884344,
          0.034899622,
          -0.36882505,
          0,
          -0.032435995,
          0.9993908,
          0.012879747,
          0,
          0.56375074,
          1.7134291,
          0.67175525,
          1
        ]
      },
      {
        "date" : 790011025.553284,
        "title" : "Untitled",
        "transform" : [
          0.36904985,
          -1.050544e-08,
          0.9294096,
          0,
          0.92884344,
          0.034899622,
          -0.36882505,
          0,
          -0.032435995,
          0.9993908,
          0.012879747,
          0,
          0.65306926,
          1.7193525,
          0.43706805,
          1
        ]
      },
      {
        "date" : 790011020.103884,
        "title" : "Untitled",
        "transform" : [
          0.23184812,
          -1.1262388e-08,
          0.972752,
          0,
          0.7904259,
          0.5828682,
          -0.1883921,
          0,
          -0.5669862,
          0.8125667,
          0.13513695,
          0,
          -0.64115673,
          1.4647069,
          0.5379133,
          1
        ]
      },
      {
        "date" : 790011015.25436,
        "title" : "Untitled",
        "transform" : [
          0.94580257,
          -1.0222505e-08,
          0.32474202,
          0,
          0.31636944,
          0.22560926,
          -0.92141783,
          0,
          -0.07326476,
          0.9742179,
          0.21338181,
          0,
          0.4038646,
          1.6745466,
          0.2726892,
          1
        ]
      },
      {
        "date" : 790011010.175324,
        "title" : "Untitled",
        "transform" : [
          0.94580257,
          -1.0222505e-08,
          0.32474202,
          0,
          0.31636944,
          0.22560926,
          -0.92141783,
          0,
          -0.07326476,
          0.9742179,
          0.21338181,
          0,
          0.3406938,
          1.7102324,
          0.08807215,
          1
        ]
      },
      {
        "date" : 790010992.794084,
        "title" : "Untitled",
        "transform" : [
          0.94580257,
          -1.0222505e-08,
          0.32474202,
          0,
          0.31636944,
          0.22560926,
          -0.92141783,
          0,
          -0.07326476,
          0.9742179,
          0.21338181,
          0,
          0.16565236,
          1.6574478,
          0.2689658,
          1
        ]
      },
      {
        "date" : 790010986.995439,
        "title" : "Untitled",
        "transform" : [
          0.99799836,
          -6.0146097e-09,
          0.06323994,
          0,
          0.06308369,
          0.070254356,
          -0.9955325,
          0,
          -0.004442855,
          0.99752915,
          0.07011368,
          0,
          0.27953687,
          2.410884,
          0.049453564,
          1
        ]
      },
      {
        "date" : 790010982.154704,
        "title" : "Untitled",
        "transform" : [
          0.9996372,
          -7.2184725e-09,
          -0.026934221,
          0,
          -0.019870874,
          0.67506725,
          -0.73748857,
          0,
          0.018182429,
          0.73775625,
          0.6748223,
          0,
          0.42202678,
          1.8649905,
          1.4092512,
          1
        ]
      }
    ],
    "CEB5E558-DEA3-4A0A-A72D-3EFFCC402D66" : [
      {
        "date" : 789397950.519412,
        "title" : "Untitled",
        "transform" : [
          0.2974657,
          1.2557072e-09,
          -0.9547325,
          0,
          -0.38522822,
          0.9149826,
          -0.120025456,
          0,
          0.8735638,
          0.40349302,
          0.27217588,
          0,
          0.3873406,
          0.23657382,
          0.119429976,
          1
        ]
      },
      {
        "date" : 789397931.003109,
        "title" : "Untitled",
        "transform" : [
          0.2974657,
          1.2557072e-09,
          -0.9547325,
          0,
          -0.38522822,
          0.9149826,
          -0.120025456,
          0,
          0.8735638,
          0.40349302,
          0.27217588,
          0,
          0.40583324,
          0.27870458,
          -0.002380859,
          1
        ]
      },
      {
        "date" : 789397925.116718,
        "title" : "Untitled",
        "transform" : [
          0.95543957,
          9.657003e-10,
          -0.29518667,
          0,
          -0.12561631,
          0.90493554,
          -0.40658614,
          0,
          0.2671251,
          0.4255484,
          0.8646113,
          0,
          0.19937265,
          0.29940584,
          0.2912698,
          1
        ]
      },
      {
        "date" : 789397923.745338,
        "title" : "Untitled",
        "transform" : [
          0.47050813,
          -1.7732482e-11,
          -0.8823957,
          0,
          -0.40658516,
          0.88751745,
          -0.216798,
          0,
          0.7831418,
          0.46077386,
          0.41758406,
          0,
          0.3812073,
          0.31474152,
          0.0448047,
          1
        ]
      },
      {
        "date" : 789397920.998484,
        "title" : "Untitled",
        "transform" : [
          0.47050813,
          -1.7732482e-11,
          -0.8823957,
          0,
          -0.40658516,
          0.88751745,
          -0.216798,
          0,
          0.7831418,
          0.46077386,
          0.41758406,
          0,
          0.35949814,
          0.29757795,
          0.10445695,
          1
        ]
      },
      {
        "date" : 789397544.366274,
        "title" : "Untitled",
        "transform" : [
          0.47050813,
          -1.7732482e-11,
          -0.8823957,
          0,
          -0.40658516,
          0.88751745,
          -0.216798,
          0,
          0.7831418,
          0.46077386,
          0.41758406,
          0,
          0.2952381,
          0.32761446,
          0.19182783,
          1
        ]
      },
      {
        "date" : 789397499.785691,
        "title" : "Untitled",
        "transform" : [
          0.46068949,
          -2.6034095e-09,
          -0.88756144,
          0,
          -0.36883146,
          0.90956765,
          -0.19144227,
          0,
          0.80729735,
          0.41555563,
          0.41902813,
          0,
          0.30962342,
          0.30845687,
          0.19462368,
          1
        ]
      },
      {
        "date" : 789397437.886419,
        "title" : "Untitled",
        "transform" : [
          0.4604843,
          -6.385847e-09,
          -0.8876679,
          0,
          -0.31047177,
          0.9368389,
          -0.16105953,
          0,
          0.83160204,
          0.3497608,
          0.4313995,
          0,
          0.32343313,
          0.28030998,
          0.20168674,
          1
        ]
      },
      {
        "date" : 789397285.765475,
        "title" : "Untitled",
        "transform" : [
          0.449137,
          -8.201684e-09,
          -0.89346296,
          0,
          -0.35115656,
          0.9195262,
          -0.17652372,
          0,
          0.8215628,
          0.39302832,
          0.41299307,
          0,
          0.31711465,
          0.298829,
          0.19277617,
          1
        ]
      },
      {
        "date" : 789397284.530957,
        "title" : "Untitled",
        "transform" : [
          0.449137,
          -8.201684e-09,
          -0.89346296,
          0,
          -0.35115656,
          0.9195262,
          -0.17652372,
          0,
          0.8215628,
          0.39302832,
          0.41299307,
          0,
          0.33595574,
          0.2905702,
          0.1631554,
          1
        ]
      }
    ],
    "F53E7943-3431-4B98-8EBA-D945BFF42FF4" : [
      {
        "date" : 789391696.018018,
        "title" : "Untitled",
        "transform" : [
          0.9998053,
          2.0545152e-09,
          -0.01973223,
          0,
          -0.013211058,
          0.7427975,
          -0.66938573,
          0,
          0.014657064,
          0.6695162,
          0.74265283,
          0,
          -0.035621624,
          0.2594722,
          0.11304441,
          1
        ]
      },
      {
        "date" : 789391685.083997,
        "title" : "Untitled",
        "transform" : [
          0.9998053,
          2.0545152e-09,
          -0.01973223,
          0,
          -0.013211058,
          0.7427975,
          -0.66938573,
          0,
          0.014657064,
          0.6695162,
          0.74265283,
          0,
          -0.028529745,
          0.2585959,
          0.113694385,
          1
        ]
      },
      {
        "date" : 789391683.066307,
        "title" : "Untitled",
        "transform" : [
          0.40312377,
          1.791676e-09,
          -0.91514546,
          0,
          -0.51108193,
          0.82952416,
          -0.22513281,
          0,
          0.7591353,
          0.55847085,
          0.3344009,
          0,
          0.15767431,
          0.23462881,
          0.06388062,
          1
        ]
      },
      {
        "date" : 789391678.788638,
        "title" : "Untitled",
        "transform" : [
          0.40312377,
          1.791676e-09,
          -0.91514546,
          0,
          -0.51108193,
          0.82952416,
          -0.22513281,
          0,
          0.7591353,
          0.55847085,
          0.3344009,
          0,
          0.18691677,
          0.2532457,
          -0.033595175,
          1
        ]
      },
      {
        "date" : 789391675.747485,
        "title" : "Untitled",
        "transform" : [
          0.18321016,
          1.9679143e-09,
          -0.9830738,
          0,
          -0.539936,
          0.83566976,
          -0.10062497,
          0,
          0.8215249,
          0.5492325,
          0.15310319,
          0,
          0.19671679,
          0.25119776,
          -0.07503005,
          1
        ]
      },
      {
        "date" : 789391656.442567,
        "title" : "Untitled",
        "transform" : [
          1,
          0,
          0,
          0,
          0,
          0.7071069,
          -0.70710677,
          0,
          0,
          0.70710677,
          0.7071069,
          0,
          0.047926135,
          0.36740446,
          0.24291964,
          1
        ]
      },
      {
        "date" : 789391646.691428,
        "title" : "Untitled",
        "transform" : [
          1,
          0,
          0,
          0,
          0,
          0.7071069,
          -0.70710677,
          0,
          0,
          0.70710677,
          0.7071069,
          0,
          -0.06361676,
          0.37905616,
          0.23126793,
          1
        ]
      },
      {
        "date" : 789391643.444254,
        "title" : "Untitled",
        "transform" : [
          1,
          0,
          0,
          0,
          0,
          0.7071069,
          -0.70710677,
          0,
          0,
          0.70710677,
          0.7071069,
          0,
          -0.091007434,
          0.47647446,
          0.34925288,
          1
        ]
      },
      {
        "date" : 789391635.219123,
        "title" : "Untitled",
        "transform" : [
          1,
          0,
          0,
          0,
          0,
          0.7071069,
          -0.70710677,
          0,
          0,
          0.70710677,
          0.7071069,
          0,
          0.04067845,
          0.37723255,
          0.4484948,
          1
        ]
      },
      {
        "date" : 789391601.57625,
        "title" : "Untitled",
        "transform" : [
          1,
          0,
          0,
          0,
          0,
          0.7071069,
          -0.70710677,
          0,
          0,
          0.70710677,
          0.7071069,
          0,
          -0.087973595,
          1.4635457,
          1.2056483,
          1
        ]
      }
    ]
  },
  "sceneViewportBackgroundColors" : {

  },
  "selectedSceneRelativePath" : "PreviewScene.usda"
}