{
  "advancedEditorSelectedIdentifier" : "ProjectBrowser",
  "openSceneRelativePaths" : [
    "Immersive.usda",
    "PreviewScene.usda"
  ],
  "recentIdentifiers" : {
    "CEB5E558-DEA3-4A0A-A72D-3EFFCC402D66" : [

    ]
  },
  "sceneCameraHistory" : {
    "CEB5E558-DEA3-4A0A-A72D-3EFFCC402D66" : [
      {
        "date" : 789327983.131439,
        "title" : "Untitled",
        "transform" : [
          0.994427,
          -1.4277362e-09,
          0.105427496,
          0,
          0.069040716,
          0.75574636,
          -0.65121496,
          0,
          -0.07967642,
          0.65486443,
          0.7515346,
          0,
          -0.051341765,
          0.33049127,
          0.25534487,
          1
        ]
      },
      {
        "date" : 789327975.779899,
        "title" : "Untitled",
        "transform" : [
          0.99476445,
          -1.4277362e-09,
          0.102194935,
          0,
          0.066923834,
          0.75574636,
          -0.6514359,
          0,
          -0.077233426,
          0.65486443,
          0.75178957,
          0,
          -0.0062595382,
          0.21651876,
          0.11998867,
          1
        ]
      },
      {
        "date" : 789327895.234888,
        "title" : "Untitled",
        "transform" : [
          0.99476445,
          -1.4277362e-09,
          0.102194935,
          0,
          0.066923834,
          0.75574636,
          -0.6514359,
          0,
          -0.077233426,
          0.65486443,
          0.75178957,
          0,
          0.01852259,
          1.2663902,
          1.6170399,
          1
        ]
      },
      {
        "date" : 789327884.70116,
        "title" : "Untitled",
        "transform" : [
          0.9944206,
          -1.4277362e-09,
          0.10548819,
          0,
          0.06908047,
          0.75574636,
          -0.6512107,
          0,
          -0.0797223,
          0.6548645,
          0.7515298,
          0,
          -0.007303476,
          1.6155459,
          1.0998856,
          1
        ]
      },
      {
        "date" : 789327840.614366,
        "title" : "Untitled",
        "transform" : [
          0.9996352,
          -2.7885416e-10,
          0.027007565,
          0,
          0.0030323209,
          0.9936771,
          -0.11223541,
          0,
          -0.026836796,
          0.11227629,
          0.9933146,
          0,
          0.07557422,
          0.8040244,
          1.4046289,
          1
        ]
      },
      {
        "date" : 789327833.039321,
        "title" : "Untitled",
        "transform" : [
          0.9996352,
          -2.7885416e-10,
          0.027007565,
          0,
          0.0030323209,
          0.9936771,
          -0.11223541,
          0,
          -0.026836796,
          0.11227629,
          0.9933146,
          0,
          -0.26826513,
          0.83954674,
          1.391324,
          1
        ]
      },
      {
        "date" : 789327829.067933,
        "title" : "Untitled",
        "transform" : [
          0.9996352,
          -2.7885416e-10,
          0.027007565,
          0,
          0.0030323209,
          0.9936771,
          -0.11223541,
          0,
          -0.026836796,
          0.11227629,
          0.9933146,
          0,
          -0.18054706,
          1.170837,
          1.3562478,
          1
        ]
      },
      {
        "date" : 789327814.668679,
        "title" : "Untitled",
        "transform" : [
          0.9996352,
          -2.7885416e-10,
          0.027007565,
          0,
          0.0030323209,
          0.9936771,
          -0.11223541,
          0,
          -0.026836796,
          0.11227629,
          0.9933146,
          0,
          0.021857321,
          1.613414,
          2.454112,
          1
        ]
      },
      {
        "date" : 789324465.982543,
        "title" : "Untitled",
        "transform" : [
          0.9996352,
          -2.7885416e-10,
          0.027007565,
          0,
          0.0030323209,
          0.9936771,
          -0.11223541,
          0,
          -0.026836796,
          0.11227629,
          0.9933146,
          0,
          -0.2561521,
          1.7056363,
          2.4361792,
          1
        ]
      },
      {
        "date" : 789324125.454163,
        "title" : "Untitled",
        "transform" : [
          0.9996352,
          -2.7885416e-10,
          0.027007565,
          0,
          0.0030323209,
          0.9936771,
          -0.11223541,
          0,
          -0.026836796,
          0.11227629,
          0.9933146,
          0,
          0.109784916,
          1.1269124,
          2.5114808,
          1
        ]
      }
    ]
  },
  "sceneViewportBackgroundColors" : {

  },
  "selectedSceneRelativePath" : "PreviewScene.usda"
}